# Service ops center server-backed smoke scenario

expect_visible role:heading name:"Service Ops Center"
expect_visible role:region name:"Traffic"
expect_visible role:region name:"Active jobs"
expect_visible role:region name:"Alerts"
expect_visible role:region name:"Service health"
expect_pending_task "http:send:dashboard" 1
expect_visible text:"Manual refreshes: 0 | auto refresh 2s"
expect_interval 2000 1

resolve_task "http:send:dashboard" "roc-http-response-v1\n200\n0\n123,34,115,99,104,101,109,97,34,58,49,44,34,117,112,100,97,116,101,100,95,118,101,114,115,105,111,110,34,58,49,44,34,117,112,100,97,116,101,100,95,104,111,117,114,34,58,49,50,44,34,117,112,100,97,116,101,100,95,109,105,110,117,116,101,34,58,48,44,34,117,112,100,97,116,101,100,95,115,101,99,111,110,100,34,58,50,44,34,112,104,97,115,101,95,99,111,100,101,34,58,48,44,34,114,101,113,117,101,115,116,115,95,112,101,114,95,109,105,110,117,116,101,34,58,49,53,53,56,44,34,116,114,97,102,102,105,99,95,100,101,108,116,97,95,112,101,114,99,101,110,116,34,58,49,48,44,34,101,114,114,111,114,95,112,101,114,109,105,108,108,101,34,58,55,44,34,98,117,114,110,95,114,97,116,101,95,120,49,48,34,58,49,49,44,34,98,117,100,103,101,116,95,114,101,109,97,105,110,105,110,103,95,112,101,114,109,105,108,108,101,34,58,57,56,49,44,34,108,97,116,101,110,99,121,95,109,115,34,58,57,52,44,34,108,97,116,101,110,99,121,95,116,97,114,103,101,116,95,109,115,34,58,49,50,48,44,34,119,101,98,104,111,111,107,95,114,112,109,34,58,57,55,49,44,34,119,101,98,104,111,111,107,95,98,97,114,95,99,111,100,101,34,58,54,44,34,100,98,95,119,114,105,116,101,95,114,112,109,34,58,55,49,51,44,34,100,98,95,119,114,105,116,101,95,98,97,114,95,99,111,100,101,34,58,54,44,34,105,110,103,114,101,115,115,95,98,97,114,95,99,111,100,101,34,58,54,44,34,108,97,116,101,110,99,121,95,98,97,114,95,99,111,100,101,34,58,52,44,34,101,114,114,111,114,95,98,97,114,95,99,111,100,101,34,58,50,44,34,98,117,100,103,101,116,95,98,97,114,95,99,111,100,101,34,58,48,44,34,113,117,101,117,101,95,100,101,112,116,104,34,58,52,53,44,34,113,117,101,117,101,95,116,114,101,110,100,95,99,111,100,101,34,58,49,44,34,113,117,101,117,101,95,99,97,112,97,99,105,116,121,34,58,49,50,48,44,34,114,117,110,110,105,110,103,95,106,111,98,115,34,58,49,48,44,34,98,108,111,99,107,101,100,95,106,111,98,115,34,58,48,44,34,111,108,100,101,115,116,95,106,111,98,95,109,105,110,34,58,49,48,44,34,106,111,98,95,97,95,105,100,34,58,49,48,50,44,34,106,111,98,95,97,95,112,114,111,103,114,101,115,115,34,58,55,53,44,34,106,111,98,95,97,95,97,103,101,95,109,105,110,34,58,52,44,34,106,111,98,95,97,95,115,116,97,116,101,95,99,111,100,101,34,58,48,44,34,106,111,98,95,98,95,105,100,34,58,49,49,57,44,34,106,111,98,95,98,95,112,114,111,103,114,101,115,115,34,58,52,53,44,34,106,111,98,95,98,95,97,103,101,95,109,105,110,34,58,56,44,34,106,111,98,95,98,95,115,116,97,116,101,95,99,111,100,101,34,58,48,44,34,106,111,98,95,99,95,105,100,34,58,49,51,51,44,34,106,111,98,95,99,95,112,114,111,103,114,101,115,115,34,58,54,50,44,34,106,111,98,95,99,95,97,103,101,95,109,105,110,34,58,51,44,34,106,111,98,95,99,95,115,116,97,116,101,95,99,111,100,101,34,58,48,44,34,106,111,98,95,100,95,105,100,34,58,49,55,51,44,34,106,111,98,95,100,95,112,114,111,103,114,101,115,115,34,58,54,55,44,34,106,111,98,95,100,95,97,103,101,95,109,105,110,34,58,53,44,34,106,111,98,95,100,95,115,116,97,116,101,95,99,111,100,101,34,58,48,44,34,97,108,101,114,116,95,97,95,99,111,100,101,34,58,51,44,34,97,108,101,114,116,95,97,95,97,103,101,95,109,105,110,34,58,54,44,34,97,108,101,114,116,95,98,95,99,111,100,101,34,58,52,44,34,97,108,101,114,116,95,98,95,97,103,101,95,109,105,110,34,58,52,44,34,97,108,101,114,116,95,99,95,99,111,100,101,34,58,53,44,34,97,108,101,114,116,95,99,95,97,103,101,95,109,105,110,34,58,57,44,34,101,100,103,101,95,115,116,97,116,101,95,99,111,100,101,34,58,48,44,34,101,100,103,101,95,108,97,116,101,110,99,121,95,109,115,34,58,53,50,44,34,97,112,105,95,115,116,97,116,101,95,99,111,100,101,34,58,48,44,34,97,112,105,95,108,97,116,101,110,99,121,95,109,115,34,58,57,52,44,34,119,111,114,107,101,114,95,115,116,97,116,101,95,99,111,100,101,34,58,48,44,34,119,111,114,107,101,114,95,111,108,100,101,115,116,95,106,111,98,95,109,105,110,34,58,49,48,44,34,100,97,116,97,98,97,115,101,95,115,116,97,116,101,95,99,111,100,101,34,58,48,44,34,100,97,116,97,98,97,115,101,95,108,97,103,95,115,101,99,34,58,50,44,34,98,105,108,108,105,110,103,95,115,116,97,116,101,95,99,111,100,101,34,58,48,44,34,98,105,108,108,105,110,103,95,108,97,116,101,110,99,121,95,109,115,34,58,49,48,52,44,34,115,101,97,114,99,104,95,115,116,97,116,101,95,99,111,100,101,34,58,48,44,34,115,101,97,114,99,104,95,114,101,102,114,101,115,104,95,115,101,99,34,58,49,56,44,34,105,100,101,110,116,105,116,121,95,115,116,97,116,101,95,99,111,100,101,34,58,48,44,34,105,100,101,110,116,105,116,121,95,108,97,116,101,110,99,121,95,109,115,34,58,52,53,125"
expect_pending_task "http:send:dashboard" 0
expect_visible text:"Last server update 12:00:02 UTC | tick 1 | auto refresh 2s"
expect_visible text:"Latest 1558 rpm | p95 94 ms | errors 0.7%"
custom_event test_id:"traffic-chart" "chart-select" "now | 1,558 rpm | 94 ms | 0.7% errors"
expect_visible text:"Selected: now | 1,558 rpm | 94 ms | 0.7% errors"
custom_event test_id:"traffic-chart" "chart-hover" "-2m | 1,490 rpm | 91 ms | 0.6% errors"
expect_visible text:"Hover: -2m | 1,490 rpm | 91 ms | 0.6% errors"
custom_event test_id:"traffic-chart" "chart-hover" ""
expect_visible text:"Selected: now | 1,558 rpm | 94 ms | 0.7% errors"

click role:button name:"Refresh now"
expect_visible text:"Manual refreshes: 1 | auto refresh 2s"
expect_pending_task "http:send:dashboard" 1

tick_interval 2000
expect_pending_task "http:send:dashboard" 1
